1	2	3
1	3	9
1	4	6
1	5	5
1	6	5
1	7	3
1	8	1
1	10	3
1	12	3
1	13	4
1	14	3
1	15	3
1	16	2
1	17	3
1	18	21
1	19	3
1	20	2
1	21	14
1	22	5
1	23	2
1	24	2
1	25	3
1	26	1
1	27	4
1	28	2
1	29	3
1	30	4
1	31	3
1	32	1
1	33	1
1	34	5
1	35	3
1	36	2
1	37	3
1	38	4
1	39	2
1	40	5
1	41	2
1	42	4
1	44	1
1	45	2
1	46	4
1	47	10
1	48	1
1	49	1
1	50	4
1	51	4
1	52	4
2	3	2
2	4	1
2	5	1
2	6	1
2	7	1
2	8	1
2	9	1
2	11	1
2	13	1
2	14	2
2	15	1
2	16	1
2	17	1
2	18	6
2	19	1
2	21	2
2	22	1
2	24	3
2	27	2
2	34	2
2	39	2
2	40	3
2	43	1
2	44	1
2	47	1
2	49	1
2	51	1
2	52	1
3	4	9
3	5	4
3	6	9
3	7	2
3	9	2
3	10	4
3	12	3
3	13	1
3	14	3
3	15	1
3	16	4
3	17	2
3	18	14
3	19	2
3	20	2
3	21	6
3	22	3
3	23	2
3	24	2
3	25	3
3	26	1
3	27	4
3	28	1
3	29	4
3	30	1
3	31	4
3	32	1
3	34	5
3	36	5
3	37	4
3	38	2
3	40	3
3	42	3
3	43	1
3	44	4
3	45	2
3	47	5
3	49	1
3	50	2
3	51	1
4	5	4
4	6	8
4	7	1
4	8	1
4	9	1
4	10	4
4	11	2
4	12	2
4	13	2
4	14	1
4	15	3
4	16	2
4	18	12
4	20	4
4	21	15
4	22	2
4	23	2
4	24	1
4	25	6
4	26	3
4	27	2
4	28	2
4	29	2
4	30	4
4	31	3
4	32	2
4	33	2
4	34	2
4	36	1
4	37	2
4	39	3
4	40	6
4	42	9
4	43	5
4	44	5
4	45	2
4	46	1
4	47	8
4	48	1
4	49	2
4	50	10
4	51	2
5	10	2
5	11	1
5	12	1
5	13	3
5	14	1
5	16	1
5	18	6
5	19	2
5	20	1
5	21	8
5	22	4
5	25	2
5	27	2
5	30	5
5	34	2
5	35	2
5	36	2
5	37	2
5	38	3
5	40	2
5	43	1
5	46	1
5	47	2
5	48	2
5	49	1
5	50	1
5	51	2
6	8	2
6	9	4
6	10	4
6	11	2
6	12	4
6	13	1
6	15	5
6	16	3
6	17	1
6	18	15
6	20	1
6	21	17
6	22	2
6	23	3
6	24	4
6	25	4
6	27	2
6	29	5
6	30	3
6	31	6
6	32	1
6	34	4
6	35	3
6	36	3
6	37	3
6	39	1
6	40	4
6	42	4
6	43	1
6	44	7
6	45	2
6	46	1
6	47	8
6	48	2
6	50	5
6	52	2
7	10	1
7	13	2
7	14	1
7	18	6
7	20	1
7	21	3
7	22	1
7	25	1
7	27	1
7	29	1
7	30	1
7	37	2
7	40	3
7	42	1
7	43	1
7	45	1
7	48	1
8	9	1
8	11	3
8	15	2
8	18	3
8	19	2
8	21	4
8	22	1
8	23	1
8	28	1
8	31	6
8	32	1
8	37	2
8	38	1
8	39	1
8	40	1
8	42	3
8	43	1
8	44	1
8	47	2
8	49	3
8	50	3
8	52	1
9	11	2
9	13	1
9	14	3
9	15	3
9	17	1
9	18	6
9	21	2
9	23	1
9	25	1
9	31	3
9	32	1
9	37	1
9	39	1
9	42	3
9	47	3
9	48	1
10	11	1
10	12	1
10	14	1
10	17	1
10	18	11
10	19	1
10	20	1
10	21	6
10	24	1
10	25	2
10	27	1
10	29	2
10	30	1
10	31	1
10	33	3
10	34	3
10	35	1
10	36	3
10	37	1
10	38	2
10	42	2
10	45	6
10	47	1
10	48	3
10	49	1
10	50	4
10	52	1
11	12	4
11	14	1
11	18	1
11	19	1
11	31	1
11	32	1
11	33	1
11	34	1
11	35	1
11	40	1
11	42	1
11	43	1
11	49	3
11	50	3
12	14	1
12	15	1
12	19	1
12	20	1
12	21	4
12	22	2
12	28	2
12	31	7
12	32	3
12	33	1
12	34	1
12	35	1
12	39	2
12	40	2
12	42	2
12	44	1
12	45	1
12	47	2
12	48	2
12	49	1
12	50	4
13	17	1
13	18	8
13	21	4
13	25	2
13	26	1
13	27	2
13	31	3
13	34	1
13	36	1
13	38	1
13	40	4
13	42	3
13	43	1
13	47	3
13	49	1
13	50	1
13	52	1
14	15	2
14	17	1
14	18	4
14	19	2
14	20	2
14	21	4
14	22	2
14	23	1
14	25	3
14	29	1
14	31	1
14	33	1
14	34	2
14	36	2
14	37	1
14	39	1
14	40	5
14	41	2
14	42	1
14	45	1
14	47	2
14	49	1
14	50	1
14	51	1
14	52	2
15	17	1
15	18	8
15	20	2
15	21	5
15	22	1
15	23	1
15	25	1
15	26	1
15	27	1
15	31	1
15	32	2
15	33	5
15	35	1
15	36	2
15	39	1
15	40	1
15	41	2
15	42	4
15	43	1
15	44	1
15	47	6
15	49	1
15	50	2
15	52	1
16	18	7
16	21	1
16	22	1
16	29	2
16	31	1
16	32	1
16	36	1
16	40	1
16	43	2
16	52	1
17	18	6
17	20	1
17	21	4
17	25	2
17	26	2
17	27	2
17	28	1
17	31	2
17	33	1
17	34	1
17	35	1
17	37	1
17	38	1
17	40	3
17	42	1
17	47	1
17	50	1
17	52	1
18	19	2
18	20	4
18	21	18
18	22	3
18	23	2
18	24	2
18	25	5
18	26	2
18	27	8
18	28	4
18	29	3
18	30	1
18	31	15
18	34	4
18	35	7
18	36	8
18	37	8
18	38	4
18	39	6
18	40	11
18	41	1
18	42	5
18	43	4
18	44	2
18	45	5
18	46	8
18	47	12
18	48	4
18	49	3
18	50	6
18	52	6
19	20	1
19	21	1
19	25	1
19	27	1
19	28	1
19	29	1
19	31	1
19	32	1
19	34	3
19	35	1
19	38	2
19	39	1
19	40	1
19	42	1
19	43	1
19	47	1
19	48	1
19	49	1
19	51	1
20	21	2
20	25	2
20	27	1
20	28	1
20	31	1
20	32	1
20	33	1
20	37	1
20	40	1
20	42	2
20	45	1
20	46	1
20	48	2
20	50	3
20	51	1
20	52	1
21	22	2
21	23	1
21	24	1
21	25	6
21	26	3
21	27	9
21	29	2
21	30	4
21	31	10
21	32	3
21	34	5
21	35	3
21	36	7
21	37	5
21	38	3
21	39	4
21	40	11
21	41	1
21	42	6
21	43	3
21	44	5
21	45	3
21	46	4
21	47	10
21	48	3
21	49	3
21	50	16
21	51	2
21	52	3
22	23	1
22	25	4
22	26	2
22	27	1
22	30	2
22	31	2
22	32	2
22	33	1
22	36	1
22	37	1
22	39	1
22	40	3
22	42	3
22	44	1
22	46	1
22	47	5
22	48	2
22	49	1
22	52	2
23	26	3
23	29	1
23	30	1
23	32	1
23	36	2
23	37	1
23	39	1
23	40	2
23	43	1
23	44	1
23	45	1
23	47	2
23	49	3
23	50	3
24	27	1
24	29	1
24	40	1
24	44	1
24	46	1
24	47	2
24	48	1
24	52	1
25	27	2
25	28	1
25	30	3
25	31	1
25	32	1
25	33	1
25	34	1
25	35	1
25	37	1
25	39	1
25	40	3
25	41	1
25	42	4
25	43	1
25	47	3
25	50	5
25	51	1
26	30	1
26	31	1
26	33	1
26	34	1
26	39	1
26	40	4
26	42	1
26	43	2
26	46	1
26	47	2
26	48	1
26	50	4
27	31	1
27	36	2
27	38	1
27	40	3
27	42	3
27	47	1
27	50	1
28	31	1
28	32	2
28	34	1
28	36	1
28	40	1
28	42	1
28	46	1
28	47	1
28	50	1
29	31	1
29	36	1
29	37	1
29	40	1
29	42	1
29	43	2
29	44	1
29	45	1
29	47	3
30	37	2
30	40	1
30	42	1
30	48	1
30	50	1
30	51	3
31	32	3
31	33	1
31	34	1
31	35	3
31	36	3
31	37	2
31	39	2
31	40	1
31	42	2
31	44	1
31	45	2
31	46	1
31	47	5
31	48	1
31	50	3
31	52	1
32	39	1
32	44	1
32	45	1
32	49	1
32	50	2
32	52	2
33	36	1
33	39	1
33	40	1
33	43	1
33	47	1
33	49	2
34	35	3
34	38	2
34	39	2
34	40	3
34	42	1
34	43	2
34	47	2
34	49	2
34	50	1
34	51	3
35	36	1
35	38	4
35	43	1
35	47	1
35	50	1
36	37	3
36	40	3
36	42	6
36	44	1
36	45	1
36	46	1
36	48	3
36	49	1
36	52	2
37	46	1
37	48	1
37	50	1
37	52	1
38	42	1
38	45	1
38	47	3
39	40	1
39	42	1
39	47	3
39	49	2
39	50	2
39	52	2
40	41	1
40	42	3
40	43	2
40	44	1
40	45	1
40	46	1
40	47	1
40	49	4
40	50	6
40	51	2
41	46	1
41	47	1
41	48	1
41	50	1
41	51	1
41	52	2
42	43	1
42	44	3
42	45	1
42	46	1
42	47	2
42	48	1
42	49	1
42	50	1
42	51	1
43	47	1
43	49	2
43	50	2
44	47	1
44	50	2
44	52	1
45	47	2
45	49	1
45	50	2
45	52	1
46	47	3
46	52	1
47	49	1
47	50	6
47	52	2
48	51	1
49	50	3
49	51	1
50	51	1
50	52	1
